0 26 8 174 230 38 126 159 221 0 227 143 28 196 201 101 145 36 113 236 248 192 116 170 80 48 70 117 210 155 25 14 63 204 129 152 124 115 216 251 10 222 56 128 229 191 249 171 104 49 140 78 212 165 13 1 183 22 218 41 109 181 33 73 238 37 167 232 138 118 178 163 120 162 60 150 54 149 53 97 239 176 29 98 132 166 123 76 215 45 50 111 122 233 88 102 58 228 194 15 107 161 223 234 134 62 68 151 61 34 237 40 106 199 46 154 35 82 127 252 187 92 65 39 112 208 175 202 79 211 214 169 91 190 253 141 164 9 182 100 19 177 245 217 189 18 243 220 44 71 105 74 21 147 207 67 213 186 139 254 87 64 23 206 205 2 242 51 226 89 135 43 96 247 32 6 185 24 31 250 246 52 95 110 136 219 197 81 86 108 144 3 30 77 195 94 193 133 173 240 235 20 148 119 179 114 146 224 27 125 16 158 72 153 47 137 130 103 142 200 5 75 121 12 198 7 69 244 90 131 17 188 209 241 85 93 156 59 55 225 180 42 168 172 11 66 184 83 99 203 160 57 84 157 255 4 231
1 176 180 113 80 129 184 179 222 91 178 187 135 148 205 238 28 114 134 119 111 162 197 34 181 87 209 225 208 123 37 132 116 239 40 220 143 77 253 79 252 124 254 198 221 204 166 127 120 26 144 44 89 50 107 78 10 128 159 216 33 130 200 211 18 248 172 65 201 203 102 189 160 1 199 83 8 117 82 61 157 245 125 103 63 137 242 14 223 182 165 68 244 207 141 35 151 219 251 105 38 97 46 167 191 121 174 62 228 42 158 146 232 60 234 161 226 195 2 19 24 136 36 16 45 194 25 218 54 55 214 210 30 4 0 7 193 21 53 112 215 168 67 104 12 22 75 23 156 175 139 150 152 88 154 51 237 93 202 71 131 126 183 177 17 155 64 164 217 29 6 186 171 95 3 206 70 212 233 96 32 98 153 92 101 49 236 249 213 106 74 99 229 108 142 58 147 122 145 243 163 227 255 118 224 247 27 100 94 231 188 173 5 39 72 73 196 41 31 235 20 52 250 13 241 15 109 76 43 57 56 81 138 133 11 90 149 48 9 240 85 59 230 169 246 190 185 140 66 84 192 110 47 170 86 115 69
2 91 233 239 11 140 131 127 161 176 79 240 129 18 62 87 101 217 249 170 199 8 136 122 202 112 130 191 94 229 244 185 125 255 121 211 68 232 13 48 31 144 224 241 137 194 248 209 238 65 152 181 16 205 84 7 2 71 153 135 4 73 150 3 167 32 195 175 29 237 198 123 178 85 116 203 111 36 100 57 119 216 189 64 49 58 44 186 227 242 17 67 61 20 234 24 76 21 108 9 113 5 246 97 69 1 22 193 43 52 89 148 115 221 252 192 46 210 75 231 157 159 120 81 38 41 212 86 63 37 51 42 30 225 190 204 206 145 27 72 88 207 172 215 164 55 59 179 93 188 109 14 40 141 220 187 214 243 50 177 146 251 70 77 95 245 96 201 247 197 26 126 45 158 154 156 183 104 98 226 138 90 83 99 182 19 60 33 28 124 107 223 106 143 168 25 134 114 74 12 102 228 128 53 105 222 165 254 103 80 180 171 200 10 213 147 117 166 169 174 155 173 253 163 54 160 151 162 218 149 219 0 34 82 132 250 39 47 196 35 6 66 139 230 56 236 78 15 133 235 23 118 184 142 208 92 110
3 126 128 54 183 249 234 217 57 253 69 139 52 154 134 93 87 92 115 42 6 182 220 53 152 192 255 246 41 205 48 146 191 186 214 209 195 67 239 61 59 169 97 2 72 229 0 173 206 213 75 95 243 39 7 3 37 98 221 8 110 81 36 10 218 22 77 245 136 107 193 147 164 200 83 222 240 168 73 121 85 194 142 231 242 208 114 167 12 189 51 203 204 140 1 117 28 55 150 175 38 247 120 177 62 21 123 49 15 105 160 180 90 29 181 26 25 47 165 145 238 198 235 74 32 63 250 172 24 91 88 163 99 43 56 103 127 149 118 207 60 179 232 130 109 124 202 161 178 108 227 138 143 228 40 100 156 76 162 158 153 141 159 19 13 190 212 84 9 236 106 241 119 104 151 187 226 101 27 20 135 219 230 94 96 112 225 122 155 16 176 44 125 196 201 35 34 45 184 89 4 251 23 174 68 252 185 254 65 137 129 33 166 132 224 244 5 131 31 64 71 78 216 111 50 102 210 11 237 148 79 223 82 14 30 86 188 248 157 133 199 17 18 215 70 197 233 116 58 211 80 171 66 46 113 170 144
4 189 186 241 205 15 131 230 179 183 184 236 146 50 176 227 41 198 6 145 129 120 95 245 102 188 61 16 125 32 216 83 122 81 181 156 96 118 126 164 243 100 52 157 45 99 149 12 210 105 78 94 169 253 1 231 124 225 138 24 220 115 76 86 43 121 152 90 57 244 140 148 64 91 191 38 13 29 49 247 254 255 182 150 141 127 224 178 89 211 26 237 7 223 31 48 194 229 167 180 207 5 177 35 221 139 14 84 153 106 3 79 112 170 37 44 190 55 240 136 107 42 93 2 63 109 208 160 162 147 197 187 175 103 22 232 159 21 20 10 116 56 158 58 161 87 199 195 249 132 193 251 0 92 23 135 54 214 101 67 185 246 39 62 218 165 222 196 238 134 239 113 174 80 137 204 82 228 75 70 25 65 66 217 192 71 98 28 30 34 27 77 53 46 111 206 17 110 18 108 128 130 69 144 104 59 226 172 151 72 213 173 163 97 168 155 19 200 234 88 47 171 142 203 242 9 219 68 114 248 85 119 117 123 36 215 233 209 235 212 202 8 133 250 73 4 201 166 11 40 74 252 60 33 154 51 143
5 210 64 145 20 185 78 140 173 12 214 85 70 186 215 206 33 80 129 230 72 121 73 99 201 184 43 124 234 91 136 5 235 218 169 209 213 232 55 119 176 24 249 188 100 76 93 94 243 105 191 107 141 75 62 120 1 183 34 118 16 198 53 171 137 122 22 152 164 177 189 160 212 41 56 51 239 57 47 40 224 247 30 242 255 207 216 167 104 112 4 238 194 203 139 42 161 11 113 6 195 219 17 233 18 205 114 79 149 174 54 59 74 181 63 37 66 182 81 237 178 187 48 228 2 225 52 202 101 128 154 192 95 58 111 132 134 159 103 248 7 190 143 109 130 0 83 200 77 68 193 221 155 180 123 211 208 229 32 117 89 9 197 153 220 127 39 125 87 148 86 241 142 170 223 31 3 126 82 27 133 168 67 138 84 158 102 236 179 26 144 115 251 50 108 36 25 222 29 196 15 10 135 147 21 151 146 231 166 13 253 60 65 227 252 172 204 245 23 106 88 244 90 110 246 226 44 19 163 157 150 71 45 240 165 14 131 8 69 38 97 175 28 250 61 162 156 35 116 254 96 49 92 199 98 217 46
6 72 184 121 210 125 118 145 127 253 206 81 204 163 191 166 45 76 122 110 155 8 190 24 26 66 199 106 78 181 23 178 162 203 43 246 232 123 14 19 250 104 85 100 59 128 92 49 238 47 152 109 50 154 86 61 16 236 6 29 3 15 177 79 209 30 212 202 120 60 33 64 165 248 230 151 147 68 11 139 137 161 140 225 18 213 169 103 54 227 221 51 231 112 243 132 4 77 131 215 13 182 82 44 107 22 133 56 239 167 114 135 5 251 235 105 200 244 201 158 25 67 117 37 229 245 180 42 99 102 195 237 240 173 7 252 160 211 34 175 153 176 63 141 208 90 111 247 70 241 53 57 183 75 207 21 97 80 149 69 146 38 233 179 124 189 129 96 74 138 20 255 254 228 185 194 174 222 116 9 95 87 188 27 148 142 224 73 134 93 157 150 94 218 0 205 249 113 12 198 168 83 170 130 31 39 89 223 88 101 41 214 192 55 171 2 98 193 234 164 46 119 216 62 65 91 197 186 159 32 187 115 217 172 220 84 17 242 52 58 40 36 48 10 136 28 219 144 1 156 126 196 143 226 108 71 35
7 104 151 132 149 201 117 247 248 180 246 186 162 234 209 139 72 129 245 206 38 185 125 83 123 3 32 114 236 133 106 20 1 229 28 46 128 167 6 25 147 71 22 131 134 181 56 243 69 198 152 87 77 126 255 230 160 7 215 116 222 196 14 80 5 24 18 142 105 137 203 225 53 54 253 112 26 96 61 108 92 55 195 4 121 143 204 75 252 178 33 144 231 244 99 9 60 43 238 161 155 93 226 12 44 19 65 197 179 91 146 157 119 67 50 97 107 84 89 217 250 10 8 202 171 135 62 27 235 184 39 81 88 11 145 237 154 216 70 189 190 63 213 150 109 176 102 141 228 241 158 240 208 101 210 148 98 188 207 193 200 211 110 2 17 254 58 169 199 214 94 30 183 78 100 48 64 51 21 172 170 82 124 239 130 205 37 212 192 233 0 36 76 111 118 227 166 59 174 187 194 47 13 165 29 40 168 221 242 159 136 223 191 45 34 177 31 153 66 103 249 73 219 182 74 90 140 218 85 52 224 95 15 156 163 79 251 113 175 68 86 42 115 16 164 41 232 57 122 127 49 173 138 23 220 35 120
8 233 113 108 61 215 216 143 149 50 193 38 127 165 49 131 247 7 236 83 213 114 19 115 242 158 253 3 218 208 219 239 179 96 1 232 64 26 211 244 249 58 191 91 157 73 67 246 140 177 40 43 124 156 46 145 14 194 72 59 255 180 27 188 76 151 53 121 195 122 22 228 217 163 44 146 245 10 30 139 168 78 111 86 99 37 13 47 97 35 101 25 128 201 197 203 2 82 230 68 206 170 209 133 120 6 102 227 77 144 21 166 136 182 125 141 204 159 118 52 56 79 238 173 132 23 57 126 95 117 85 240 221 172 148 12 142 81 235 237 100 20 24 162 150 71 231 18 200 42 202 137 154 106 33 69 98 54 34 9 167 39 0 66 248 123 184 93 241 80 5 161 212 130 220 192 181 110 45 196 29 129 171 226 155 32 74 109 152 4 176 222 164 41 224 175 104 174 205 187 135 225 105 223 116 189 250 234 51 94 107 8 199 75 147 254 11 198 252 17 89 92 243 214 138 87 190 31 119 70 229 36 112 178 153 160 185 84 186 62 88 103 251 65 134 183 90 60 15 16 55 210 207 63 28 169 48
9 166 170 103 241 35 205 226 135 254 88 230 3 90 194 157 22 118 129 210 46 13 219 132 218 123 213 105 122 121 159 0 141 11 125 204 158 227 156 238 2 147 160 24 10 252 253 196 97 65 1 96 148 242 199 79 82 41 51 120 185 249 73 18 130 243 38 251 137 32 143 222 95 74 33 225 248 228 58 55 195 69 25 209 201 155 12 60 64 67 212 107 61 83 171 214 169 173 198 15 163 100 153 187 50 48 52 183 89 189 144 57 59 244 124 5 84 138 44 197 247 217 14 176 4 106 115 202 161 211 193 77 165 191 207 250 109 37 239 190 172 81 63 223 221 62 149 180 71 108 174 53 136 111 245 9 246 30 113 86 145 36 28 23 140 42 34 220 6 146 237 8 75 206 76 215 119 101 133 167 188 66 49 85 255 236 17 104 216 186 128 181 168 179 233 116 177 164 99 126 229 7 203 43 31 127 235 72 68 80 232 150 152 70 112 208 56 29 182 45 139 94 39 78 175 184 117 154 26 231 178 47 192 110 131 240 19 87 162 234 16 200 114 142 21 93 151 224 40 91 102 20 54 27 92 134 98
10 135 251 27 184 186 108 120 126 233 238 191 104 21 93 1 189 54 243 43 83 65 151 76 142 118 89 202 88 105 219 247 220 173 154 242 244 110 107 3 62 200 140 92 70 5 204 52 146 163 34 128 180 87 39 17 218 216 119 117 47 246 85 111 171 172 134 96 102 190 226 13 116 44 144 127 78 210 166 167 198 162 130 211 129 115 236 20 215 145 175 255 14 106 182 241 231 66 29 249 150 58 41 164 157 248 235 51 8 230 67 252 232 196 30 63 214 112 75 16 153 131 31 99 9 55 178 122 165 38 149 205 36 113 45 221 33 109 208 168 229 227 183 132 195 206 22 71 48 56 28 60 197 224 61 98 121 201 86 19 199 26 188 6 203 11 25 192 159 228 42 179 161 239 7 94 254 225 40 2 174 35 91 222 95 253 155 12 101 187 114 234 103 147 148 156 23 250 77 176 125 79 137 193 245 217 10 136 169 123 49 74 80 207 160 37 177 133 53 82 4 90 59 212 152 32 100 213 64 50 0 141 69 185 138 18 237 84 194 240 46 223 139 73 81 209 170 181 57 68 24 72 124 158 97 15 143
11 105 33 44 118 0 161 133 97 42 19 91 4 249 45 62 80 17 158 204 24 186 183 192 136 56 160 152 72 63 227 213 9 29 240 200 197 108 48 255 163 162 173 76 145 67 210 251 247 21 104 220 116 229 122 198 165 208 103 111 65 107 47 137 113 117 139 241 223 184 167 233 230 237 58 140 172 26 128 150 216 102 149 203 28 87 61 196 174 202 226 138 168 38 31 131 148 242 78 211 82 88 81 177 169 132 119 53 16 52 190 225 6 179 207 236 20 101 7 130 156 106 83 157 50 182 84 100 3 166 32 134 218 77 135 73 71 54 244 35 12 86 127 79 224 215 252 51 206 243 129 41 27 92 55 90 96 70 99 126 245 201 155 164 125 214 159 110 144 124 219 232 193 238 18 153 151 85 246 209 49 120 114 115 175 235 250 98 217 8 1 68 59 178 121 23 141 60 43 194 253 181 15 222 188 36 39 74 123 189 25 187 57 30 180 239 205 191 34 10 5 146 46 171 11 69 22 75 254 112 228 2 13 37 170 93 199 221 40 154 248 14 95 64 176 109 195 231 142 94 89 234 66 143 185 147 212
12 176 109 163 228 151 158 112 169 83 242 0 144 62 98 184 48 34 95 124 153 142 27 156 146 238 187 55 202 113 204 6 224 78 127 104 81 58 120 65 195 123 110 19 122 20 135 71 245 67 197 166 143 59 86 51 210 107 181 186 170 128 208 35 39 2 9 13 161 198 137 14 180 175 213 220 87 253 248 63 108 226 196 203 75 174 30 82 159 88 103 216 24 100 126 92 97 40 54 105 84 237 8 249 64 114 207 89 222 205 172 56 165 219 223 230 182 43 231 121 57 25 66 139 150 155 17 7 194 10 250 21 212 93 85 148 131 53 69 31 47 160 243 41 16 60 119 68 117 235 218 255 244 102 192 91 130 80 4 247 254 22 33 115 183 162 12 140 52 152 111 229 246 99 200 28 185 241 215 141 29 138 45 199 173 236 118 225 129 3 154 171 193 38 240 149 42 44 5 251 116 73 32 211 101 164 74 136 252 77 232 94 188 49 167 50 76 201 177 217 23 190 214 106 11 79 145 70 26 221 18 178 157 1 147 179 239 90 96 15 46 125 209 36 133 206 189 234 191 72 61 132 233 168 227 134 37
13 174 11 58 37 206 40 104 71 223 117 211 35 189 244 126 43 176 118 195 253 202 226 178 162 151 228 221 90 80 84 205 7 140 17 180 157 200 231 85 124 143 129 92 44 94 20 46 154 116 217 97 77 96 245 133 22 74 235 66 247 197 32 218 60 170 101 208 98 87 115 145 220 179 61 171 152 3 240 158 15 237 254 5 203 177 70 167 67 161 169 234 132 125 165 184 102 201 142 243 45 23 82 6 164 232 26 250 225 109 123 75 112 172 106 246 69 79 212 81 175 111 193 29 28 249 163 185 181 144 83 121 120 204 34 147 131 21 183 153 103 233 119 33 209 91 139 2 252 128 155 198 251 16 53 241 24 4 156 135 230 150 187 27 30 50 86 51 191 76 173 31 219 138 238 54 239 210 137 224 18 199 25 13 8 229 122 214 47 196 14 88 160 248 215 105 194 148 166 192 64 255 114 1 207 65 227 93 0 216 141 107 68 78 149 242 73 146 236 52 19 134 222 63 12 56 42 182 48 95 113 49 57 55 190 10 168 213 186 110 9 72 41 39 100 188 38 108 89 136 159 59 130 127 62 36 99
14 132 184 58 165 20 158 81 8 35 84 209 223 97 243 215 171 90 149 151 116 136 57 140 29 59 177 95 123 77 9 180 1 146 78 15 80 137 45 161 221 228 176 103 208 155 169 98 168 63 25 27 61 218 206 255 160 251 192 131 14 79 167 37 164 201 73 115 202 190 48 44 17 50 41 144 191 143 185 117 244 87 211 193 127 121 200 86 104 239 124 118 138 231 216 217 235 210 89 30 220 237 10 207 110 181 162 56 234 224 227 195 102 178 19 153 76 241 249 232 233 159 13 99 113 225 187 33 93 189 94 204 91 214 248 194 66 196 183 148 119 12 18 150 203 21 226 250 101 236 254 197 31 70 142 62 71 53 128 60 182 112 245 55 38 246 179 238 188 139 3 222 39 51 242 28 83 111 135 157 109 96 120 42 172 152 16 106 126 141 11 100 174 163 173 253 85 107 67 92 133 212 147 205 134 26 68 175 4 229 0 230 40 247 49 88 166 65 114 145 22 5 154 74 219 213 72 34 240 6 43 170 122 75 7 82 129 105 24 23 32 2 108 130 36 46 186 252 64 199 156 125 52 69 47 54 198
15 134 227 74 12 11 200 170 188 89 146 29 50 187 221 53 131 46 95 225 196 158 108 179 226 76 245 126 222 233 59 45 250 66 215 106 163 87 104 238 248 253 161 62 159 160 86 237 242 211 219 110 113 41 4 5 10 38 43 162 60 58 71 121 21 235 195 28 34 35 90 114 172 166 133 102 97 47 130 65 141 128 18 70 220 99 73 117 31 36 44 181 137 144 176 241 16 197 91 224 183 94 69 39 116 17 246 232 78 125 223 216 155 174 25 207 75 63 54 22 138 9 209 142 118 105 148 115 40 55 98 1 0 14 80 111 168 167 79 3 251 23 139 178 37 81 154 68 191 132 240 247 20 169 173 218 15 112 42 243 212 153 119 136 52 61 19 199 49 129 203 229 96 151 230 152 123 205 214 202 175 252 231 13 8 32 182 244 213 107 88 234 204 145 193 249 206 149 6 27 2 24 127 120 189 72 93 82 150 184 56 185 255 254 165 48 51 177 64 85 83 190 180 147 30 228 157 210 171 124 26 140 33 208 103 236 135 217 192 101 239 57 186 156 198 92 201 143 84 109 194 122 67 100 7 164 77
16 25 34 172 191 120 101 130 183 59 10 230 4 174 81 78 176 210 186 109 235 144 29 229 132 93 138 73 122 90 40 53 194 137 245 69 232 215 134 212 123 244 181 118 80 111 11 38 119 249 0 145 243 211 94 189 103 86 193 163 226 13 97 7 199 104 173 124 91 160 15 238 255 24 114 127 139 68 12 166 247 26 16 185 39 155 182 67 218 164 41 239 60 158 207 162 142 208 217 177 58 167 198 96 79 63 253 190 44 108 143 152 184 30 214 21 206 76 3 62 8 17 52 136 98 128 51 42 9 1 115 56 178 201 35 234 65 168 66 171 14 89 133 105 248 57 219 75 126 203 92 227 18 240 180 116 175 6 220 225 48 84 149 161 146 36 125 70 83 33 5 106 77 250 55 99 2 37 233 28 205 159 45 140 188 150 31 222 19 46 82 169 170 254 209 74 151 195 107 72 49 197 141 156 213 88 50 192 23 251 223 157 204 100 61 216 228 165 179 224 43 87 187 236 131 129 200 102 27 147 64 121 196 242 20 153 154 135 47 22 54 241 71 110 221 95 246 237 113 148 202 112 117 231 85 252 32
17 209 44 184 169 19 76 151 171 216 168 118 211 86 199 85 160 68 1 247 176 72 63 250 198 21 36 33 25 203 186 111 183 26 103 131 116 232 251 106 120 70 167 115 16 88 181 253 35 191 80 166 104 145 252 67 205 206 218 3 240 28 193 78 178 192 219 109 98 18 9 117 177 99 79 66 141 29 225 8 110 4 27 235 42 65 215 161 239 124 59 246 12 95 10 74 245 255 37 249 23 113 100 5 107 148 142 182 125 40 132 190 122 230 41 200 45 92 50 158 154 128 56 90 87 17 147 31 129 196 233 204 54 195 126 244 208 11 222 144 156 91 0 96 62 175 121 220 127 89 179 114 212 159 73 112 243 101 77 49 102 71 185 155 108 242 60 237 149 172 135 75 34 157 165 51 130 197 248 227 38 7 64 133 6 189 202 138 55 81 48 228 236 210 217 69 58 152 170 57 234 119 223 53 162 46 173 13 221 134 22 2 136 150 140 164 94 97 52 43 14 123 214 93 146 39 137 143 213 24 32 187 226 30 194 61 188 180 83 153 224 207 229 241 238 47 163 201 254 231 15 84 82 139 20 174 105
18 117 224 64 45 223 217 40 236 108 99 74 75 225 105 110 31 37 198 133 229 66 132 162 172 214 242 42 186 145 27 72 240 154 249 136 47 69 220 107 114 13 106 148 161 35 93 213 33 1 159 192 101 26 218 243 56 86 251 203 231 234 12 29 87 92 239 152 77 0 15 171 183 195 57 128 84 199 179 180 137 78 237 201 207 60 252 139 30 197 158 39 226 53 119 111 228 62 227 235 216 140 79 232 121 100 46 157 23 254 120 71 164 54 68 51 165 206 250 134 95 49 177 151 178 149 124 244 245 8 58 18 141 138 85 97 113 3 118 122 94 24 163 233 131 52 127 167 174 6 104 155 130 48 181 17 109 191 196 55 153 253 219 50 41 65 238 221 25 147 176 103 166 185 210 36 125 9 222 187 14 144 5 115 123 4 146 80 20 189 248 70 102 241 175 129 32 83 96 208 160 143 169 212 67 91 73 88 98 184 116 230 202 61 59 82 112 156 38 193 170 19 63 44 173 209 150 89 2 90 22 34 246 188 200 11 142 194 215 16 135 255 28 182 168 247 190 43 205 211 10 76 126 204 21 81 7
19 115 54 163 3 37 149 186 246 150 157 10 154 96 60 83 194 249 61 67 196 124 167 17 243 93 24 227 238 64 234 48 201 121 156 14 123 214 212 225 251 26 75 108 136 91 27 19 142 62 199 125 102 250 113 119 210 78 40 141 70 36 45 230 39 133 143 50 99 188 122 15 112 12 137 221 89 72 220 20 206 105 162 52 57 28 161 209 120 245 198 152 244 235 222 204 254 117 253 224 170 151 97 181 7 55 171 38 8 16 69 247 56 81 182 53 82 146 77 155 126 111 31 233 66 202 30 71 145 180 95 174 192 135 90 190 101 116 22 178 148 177 23 207 63 166 184 129 47 94 144 35 88 241 79 32 237 211 49 140 80 134 41 84 208 159 44 139 9 195 130 189 175 236 229 65 51 172 29 168 68 164 217 173 213 4 42 216 106 107 226 92 185 127 219 25 240 59 231 239 98 158 153 114 255 132 34 165 74 18 242 118 103 11 0 160 6 191 197 1 131 200 2 215 13 176 43 138 203 100 169 232 218 252 147 46 85 33 104 76 87 21 193 183 86 128 110 223 179 248 228 187 73 58 109 5 205
20 233 224 221 216 148 172 223 162 83 30 78 237 106 44 116 198 163 139 92 51 3 90 58 192 173 66 203 131 183 254 115 107 96 120 155 31 249 111 112 34 2 149 242 201 65 6 98 124 189 167 88 226 45 28 140 67 43 29 176 207 255 14 222 74 41 240 195 147 81 245 187 193 108 165 228 127 12 246 24 253 121 71 182 218 251 168 215 235 239 75 19 146 91 229 49 103 64 60 231 158 230 36 178 21 232 68 37 214 56 118 57 13 185 79 62 141 93 252 46 5 180 109 48 134 4 16 15 76 151 53 123 205 122 209 1 225 61 197 50 22 42 204 170 47 234 138 128 97 10 9 217 161 114 177 105 244 153 186 99 100 40 8 73 136 101 144 129 130 59 211 238 200 181 184 196 52 72 0 133 208 152 39 166 110 137 194 77 55 125 169 23 188 117 85 113 135 119 174 150 89 175 143 11 247 38 54 202 18 26 236 206 94 179 219 82 199 17 7 154 33 145 142 160 63 157 220 102 25 35 171 80 159 190 104 213 156 70 243 250 191 210 84 227 20 248 241 87 69 212 32 164 126 95 132 86 27
21 243 99 103 229 254 164 207 109 58 245 6 172 62 135 111 121 132 33 122 219 71 12 15 184 157 0 45 136 117 153 1 36 48 214 8 19 107 30 46 237 255 110 118 24 144 52 21 114 192 16 196 146 186 51 216 236 54 10 82 238 4 9 199 197 166 38 251 95 88 177 226 142 182 201 194 42 165 248 155 141 53 250 230 231 152 180 129 125 215 191 174 69 154 7 94 64 56 209 206 240 28 235 80 96 123 34 87 183 83 139 128 79 217 145 89 13 188 97 124 20 18 176 138 167 59 92 168 120 211 77 170 32 63 116 90 241 68 140 112 187 22 81 205 108 213 72 55 195 222 239 100 252 208 43 169 44 61 113 156 232 75 221 50 101 2 86 198 158 39 224 105 104 41 11 173 65 5 67 220 14 133 17 98 181 162 151 40 244 115 242 73 130 233 179 137 126 225 190 228 143 210 31 203 149 193 37 35 223 26 171 246 78 74 119 148 23 60 227 218 160 131 29 175 106 150 204 178 147 163 253 127 27 70 212 159 66 3 189 234 76 200 185 47 57 25 249 85 102 91 202 93 247 49 84 134 161
22 38 23 251 184 156 108 229 126 221 44 193 56 21 132 231 83 162 80 48 110 10 129 201 166 241 227 154 22 119 255 212 242 179 189 170 161 61 41 157 46 112 252 139 223 95 92 131 235 204 253 117 25 30 51 158 85 72 8 9 153 111 39 122 236 172 190 134 226 160 186 233 36 137 26 1 74 33 28 198 208 89 210 248 69 144 53 173 49 202 211 59 106 50 192 118 100 86 219 6 57 29 169 175 52 240 243 121 246 232 0 247 228 200 218 185 24 165 66 94 35 99 124 234 73 84 214 209 143 135 148 96 250 102 168 79 45 207 120 14 78 20 195 136 191 176 167 238 93 116 43 123 182 249 217 213 98 180 42 71 3 7 37 60 141 115 107 88 70 181 18 105 5 164 174 163 150 67 17 65 62 146 63 155 216 178 254 91 97 101 15 40 171 147 149 27 205 245 77 113 127 54 64 125 224 109 104 159 4 220 183 13 177 215 197 151 130 76 32 87 203 225 11 19 230 90 244 138 140 206 82 142 34 188 145 199 194 12 2 133 152 81 47 239 128 75 31 68 237 58 187 16 114 103 55 222 196
23 105 33 44 80 129 77 0 123 19 62 34 73 202 71 180 203 86 87 63 81 56 249 196 163 200 239 168 252 162 67 215 30 82 52 193 27 97 174 226 102 51 132 206 201 165 120 7 119 49 111 122 229 124 50 250 198 143 137 94 212 195 8 160 101 117 178 134 141 243 140 133 230 222 17 244 218 136 155 45 96 146 88 192 152 22 26 2 184 128 5 74 188 110 238 46 144 37 126 221 199 14 16 171 207 31 29 70 248 156 179 209 55 114 236 47 214 175 108 225 255 235 130 185 89 1 65 12 217 166 139 223 241 118 172 135 57 60 186 194 216 25 245 72 91 38 181 150 4 39 58 183 112 148 15 211 157 228 92 246 169 48 75 254 154 219 189 99 109 9 197 69 104 76 242 247 93 208 153 151 220 103 116 84 66 232 6 231 106 147 68 100 98 121 32 23 167 54 161 233 43 35 36 177 158 159 61 79 205 227 224 253 240 237 10 125 115 187 41 90 11 127 28 138 40 191 204 78 149 95 24 131 176 190 164 213 18 170 210 21 13 145 173 251 142 64 85 42 20 83 53 234 182 113 3 107 59
24 2 9 21 228 112 196 158 211 32 27 28 184 91 144 243 80 34 232 41 175 89 229 224 235 12 124 253 5 174 50 120 76 33 218 114 102 195 146 79 183 70 29 64 110 46 111 197 52 234 215 43 45 23 170 72 19 233 236 3 7 194 199 139 17 176 109 250 101 198 44 31 242 55 136 49 47 78 177 164 6 85 69 221 201 4 230 125 214 202 167 187 169 100 119 88 8 22 180 231 216 24 192 106 94 26 57 245 165 11 77 208 166 81 135 210 133 121 25 105 182 206 193 155 207 189 143 145 154 10 149 161 212 148 13 93 83 87 62 188 226 98 159 42 97 248 142 74 255 71 60 16 156 82 53 246 238 84 141 200 113 247 127 217 160 20 54 237 67 40 179 18 66 108 181 227 157 123 99 59 56 130 65 168 219 171 122 37 118 150 225 35 39 38 240 73 163 137 131 14 220 251 103 203 63 75 95 151 115 244 204 153 116 1 0 185 162 147 213 178 30 117 140 241 252 190 222 58 48 249 254 68 186 104 126 152 173 92 205 129 96 239 36 61 209 138 107 132 15 51 90 172 223 86 134 191 128
25 170 11 87 240 121 120 192 148 220 203 21 126 233 158 202 152 118 43 139 184 107 141 228 172 197 225 251 168 234 222 90 167 143 140 246 157 102 164 110 106 180 85 136 135 0 239 137 20 42 51 96 38 111 3 124 39 31 163 59 62 229 127 88 29 144 58 208 98 179 34 207 101 183 237 155 244 226 1 216 254 80 236 176 52 210 189 242 138 5 112 128 49 209 205 46 231 99 178 146 12 78 95 230 113 93 76 109 193 247 89 249 129 13 214 253 48 250 72 196 133 10 22 224 181 47 41 66 130 174 215 115 204 104 103 171 131 15 206 16 145 33 63 165 198 114 56 64 227 4 119 7 117 17 68 70 243 27 255 217 166 185 125 45 57 26 149 142 200 159 84 235 50 187 69 75 213 8 25 188 77 55 9 6 92 30 28 60 190 79 160 218 19 248 83 105 61 194 35 223 161 221 37 153 65 211 40 91 195 252 71 86 162 147 53 24 201 241 177 67 191 23 123 94 238 182 82 2 150 44 132 151 219 116 156 73 122 199 186 245 100 81 54 18 169 36 232 212 134 108 32 97 74 173 175 154 14
26 132 184 20 58 158 50 142 9 81 243 171 215 211 95 77 143 107 12 149 175 170 87 236 136 235 161 15 207 162 146 216 4 193 181 45 124 19 153 1 76 3 234 109 82 135 251 60 36 156 34 141 27 13 128 23 83 233 63 11 126 52 131 198 164 163 115 91 204 202 134 214 212 73 147 35 78 191 244 140 239 53 223 111 226 217 177 67 245 155 150 7 41 157 138 26 118 227 119 89 75 254 114 180 203 38 24 179 178 169 112 249 200 195 22 139 51 152 32 192 86 79 61 225 218 14 167 174 100 173 189 253 165 92 248 44 17 196 148 185 133 127 84 49 90 101 116 97 188 5 46 6 228 145 194 31 240 229 182 231 96 80 68 160 238 208 242 222 221 29 168 220 43 72 252 186 199 219 172 56 210 103 213 25 16 241 108 62 159 224 33 54 93 201 94 85 190 48 59 183 144 66 151 8 250 205 57 42 65 40 21 230 18 70 74 110 122 0 129 197 71 232 247 117 88 123 121 237 105 246 98 166 209 154 30 99 130 39 104 2 255 176 10 55 28 69 125 106 137 206 47 102 120 113 187 37 64
27 134 195 206 34 1 154 251 166 188 127 23 29 249 172 196 99 61 104 50 64 28 95 31 136 70 76 120 27 106 135 225 146 101 44 155 215 211 45 173 49 248 210 152 142 160 219 208 32 253 183 63 202 109 69 237 182 10 205 217 92 7 40 164 77 193 90 0 74 18 35 170 200 80 180 73 111 133 56 112 68 150 240 93 176 168 169 82 191 114 144 125 245 221 30 203 228 236 131 48 129 229 241 198 124 153 22 147 216 224 87 38 209 171 4 25 207 194 232 57 62 201 60 115 181 100 54 5 71 145 227 98 11 24 97 12 128 130 167 189 85 79 53 117 47 220 72 178 247 83 65 132 243 139 254 19 126 140 165 119 177 42 233 250 192 33 151 17 26 113 3 197 37 199 13 86 123 78 20 214 223 116 230 234 84 143 8 41 138 67 110 121 88 235 55 14 218 226 6 157 2 149 46 255 179 185 89 102 222 66 212 246 108 141 187 51 137 190 15 75 174 16 91 161 239 184 163 59 158 242 238 159 156 52 36 103 9 122 186 81 96 252 94 231 43 39 148 175 58 118 204 105 213 244 107 21 162
28 1 34 74 160 89 127 35 10 141 166 100 39 158 70 248 114 59 178 230 194 139 12 247 228 50 122 78 79 18 218 207 227 147 63 24 38 217 27 73 146 211 8 138 185 106 11 76 13 205 180 245 193 181 86 202 237 163 42 9 52 252 97 136 231 104 124 91 120 107 101 66 109 251 41 56 88 133 14 239 232 156 61 182 171 36 143 212 64 213 26 123 6 140 219 208 177 144 40 200 153 253 108 44 243 235 244 189 47 119 214 20 113 96 21 169 62 37 145 83 226 196 94 246 85 7 5 3 170 209 254 172 151 142 105 65 255 68 92 210 57 28 179 216 220 87 186 75 192 132 77 29 240 67 164 174 23 16 116 72 157 184 197 241 233 84 93 137 229 55 149 118 121 167 32 190 150 0 54 99 135 154 155 60 46 222 51 103 152 112 80 95 82 25 115 15 234 191 173 238 183 204 168 134 81 187 126 203 129 176 125 130 195 201 4 53 165 48 148 175 223 198 242 131 90 33 225 236 30 43 58 49 110 162 2 249 221 161 206 31 224 215 22 45 117 111 159 69 19 71 128 250 98 102 17 188 199
29 209 54 195 63 98 179 134 156 22 222 176 1 232 0 52 187 117 70 43 118 71 26 220 202 42 175 89 122 125 136 25 137 148 45 142 90 16 37 200 254 116 128 99 107 35 242 243 166 139 251 227 87 193 145 147 75 133 24 28 129 31 20 81 105 192 109 219 44 204 9 126 13 245 114 169 203 40 119 91 181 186 164 221 183 149 237 34 144 12 141 111 140 212 14 30 197 185 115 143 205 124 199 5 62 189 165 60 248 167 11 84 3 33 146 17 61 41 78 207 47 77 135 51 8 48 238 229 230 210 233 150 58 57 152 86 79 19 208 76 108 171 2 18 198 112 249 96 73 94 162 131 180 224 194 103 213 104 247 182 97 121 155 223 255 92 95 188 102 32 113 15 253 88 67 130 158 120 234 50 218 173 236 241 250 7 228 23 38 172 138 21 206 196 217 36 69 168 184 216 225 246 46 170 177 74 53 27 244 157 72 29 215 151 110 123 10 235 59 239 4 68 106 190 101 161 66 127 65 85 154 49 214 160 191 211 56 226 231 39 240 64 153 80 93 6 159 201 82 252 100 55 163 132 174 83 178
30 117 239 0 138 15 172 180 209 199 171 108 94 208 163 128 238 88 78 107 214 130 136 215 65 150 137 19 89 227 211 193 44 118 41 66 144 206 176 140 210 63 28 56 84 43 9 134 254 196 157 26 161 1 250 115 220 123 49 68 53 16 255 22 29 92 129 77 96 59 24 169 61 85 252 202 32 122 141 156 64 30 195 45 184 186 201 160 237 120 112 229 47 228 242 57 170 253 133 13 106 166 25 124 72 101 230 51 185 162 142 126 39 145 182 243 191 200 54 23 33 36 146 179 178 205 190 177 7 58 224 152 217 236 83 18 60 223 98 40 174 38 99 105 132 147 48 52 119 67 235 240 31 249 219 93 82 155 198 173 100 197 153 213 246 95 233 69 11 226 218 232 2 221 234 12 188 103 189 125 121 165 14 159 5 187 20 10 102 149 81 204 4 241 8 175 116 37 42 113 3 183 74 225 167 75 216 131 143 91 104 46 110 181 212 6 114 17 158 27 251 55 164 97 203 109 35 127 71 222 207 79 139 194 34 247 73 50 148 111 62 70 168 154 80 90 244 231 86 87 248 135 21 151 192 76 245
31 115 163 25 154 149 157 122 255 54 88 138 204 13 137 238 93 0 162 194 227 206 57 60 225 63 251 167 212 236 222 243 168 140 100 41 146 19 33 65 159 253 151 181 28 254 203 31 223 164 173 45 179 217 200 53 232 110 183 109 73 117 92 66 128 133 192 95 158 188 15 177 116 114 1 184 220 165 98 156 22 148 132 131 214 32 89 136 68 215 191 145 153 24 235 26 193 175 34 108 48 190 43 49 56 113 76 94 241 229 20 129 44 139 111 6 69 124 38 189 106 77 182 195 58 141 147 171 202 127 219 50 90 55 37 239 246 103 160 61 105 208 240 23 83 244 72 118 178 245 47 196 152 75 35 144 8 218 17 36 85 169 248 104 211 249 252 123 21 80 120 64 87 84 197 70 16 91 119 199 216 233 81 185 172 210 40 205 5 125 230 187 39 180 174 143 10 99 186 3 242 231 59 74 166 176 52 67 201 155 221 247 135 101 237 79 121 11 234 142 170 150 207 86 2 161 134 7 209 198 46 102 224 12 126 107 97 250 14 78 213 112 42 51 27 62 130 96 9 29 4 71 228 18 226 82 30
32 204 202 58 235 143 28 6 183 31 173 59 139 146 229 168 222 82 205 157 216 232 175 198 45 32 39 111 203 174 9 43 35 42 75 116 165 135 145 86 141 237 206 83 221 101 218 107 46 48 70 65 36 131 155 50 122 254 243 201 176 106 167 134 251 67 230 78 66 33 132 4 74 120 60 166 54 215 196 27 49 93 154 114 121 119 242 25 162 214 37 47 15 84 246 124 44 118 8 80 182 187 240 69 253 30 56 158 177 142 91 17 188 185 207 13 234 224 113 133 96 220 0 186 178 193 126 190 219 233 226 255 92 123 151 136 236 209 7 71 127 137 170 228 11 138 2 211 41 252 72 180 130 191 244 153 95 38 89 63 20 24 140 148 245 200 1 212 195 81 53 110 161 179 64 171 18 169 147 197 102 150 97 159 57 55 19 76 223 250 61 68 239 108 73 104 109 213 52 88 149 164 26 23 5 181 210 144 208 248 85 103 16 163 12 152 3 241 100 160 217 40 117 34 225 247 90 156 227 128 129 105 112 22 14 249 62 199 184 231 172 238 115 94 79 77 29 189 51 98 194 99 192 87 21 10 125
33 146 167 108 30 115 227 93 15 189 90 76 52 82 48 158 5 246 141 98 222 235 219 240 159 95 191 128 247 59 23 2 178 228 180 56 242 165 153 231 89 26 34 237 224 111 124 72 83 107 215 53 58 156 80 243 193 3 40 42 45 109 116 200 174 66 50 51 70 64 173 102 88 203 81 54 210 99 195 32 218 113 75 60 131 84 4 71 207 197 142 170 138 230 233 73 77 37 19 244 44 188 103 119 145 209 49 151 212 172 122 157 11 183 10 199 140 112 25 55 9 249 171 162 163 164 155 16 196 204 110 87 202 106 147 192 135 123 133 130 236 251 105 206 33 161 185 182 118 31 152 22 0 67 68 253 144 160 1 220 62 168 136 86 117 254 139 150 101 255 221 97 226 39 149 94 8 121 6 143 129 100 126 20 245 194 154 229 57 211 184 216 7 61 79 137 85 250 198 27 176 43 208 47 252 181 234 241 92 213 24 177 187 127 201 63 69 78 29 17 225 179 36 217 21 12 28 239 190 134 186 91 132 46 166 96 104 18 125 175 248 214 38 232 205 14 41 74 223 114 120 238 169 148 35 13 65
34 83 123 179 91 185 226 239 10 138 122 249 182 36 169 7 20 5 105 247 17 184 42 103 116 82 89 177 113 131 12 112 70 29 205 212 4 50 30 202 140 92 224 81 175 94 171 79 134 206 141 199 215 161 35 180 63 48 139 39 157 213 115 148 220 218 244 154 128 16 76 164 250 110 3 69 99 163 80 234 14 43 153 192 243 248 53 191 162 203 214 6 143 130 111 255 44 142 133 204 197 104 58 87 1 72 149 64 240 55 217 124 11 31 233 195 155 97 107 102 78 174 235 126 51 84 60 86 19 108 254 27 176 166 150 246 15 98 93 109 8 120 135 201 0 241 216 159 23 45 57 222 77 237 189 46 231 136 61 173 40 152 145 227 225 251 193 2 22 253 9 25 172 167 119 209 71 129 208 232 28 95 67 221 190 170 151 144 125 75 101 21 96 13 66 74 121 132 38 186 37 32 181 229 137 223 194 210 183 73 100 158 114 245 168 88 219 160 65 242 252 117 68 24 47 52 230 18 59 90 196 238 187 41 188 26 54 85 178 34 198 56 127 118 165 207 49 211 156 62 228 200 147 33 146 106 236
35 171 239 65 103 69 215 142 162 208 34 235 167 128 209 104 50 134 181 238 165 72 45 196 206 194 107 110 149 170 37 233 249 111 224 152 197 132 24 190 158 25 81 147 219 118 153 39 43 85 156 218 188 185 214 3 19 131 150 192 113 28 1 124 163 253 202 64 14 186 31 121 180 146 36 41 176 155 137 136 58 191 9 108 252 141 78 119 88 52 221 7 120 248 211 251 66 175 172 129 100 90 70 148 220 5 236 200 26 204 17 91 228 86 138 237 99 161 213 205 55 82 143 133 51 56 179 73 227 254 11 101 87 77 38 95 169 222 44 139 33 116 8 67 231 46 93 29 203 234 183 89 12 47 102 195 48 151 247 80 62 96 207 157 57 40 226 32 159 2 10 166 94 109 59 135 255 13 127 115 84 160 23 68 241 184 242 76 164 125 243 4 83 53 27 21 173 79 168 245 112 106 16 232 126 140 225 60 30 105 198 97 71 182 189 193 130 210 114 178 217 20 42 250 117 187 177 174 0 75 49 144 199 15 230 223 240 61 246 18 154 35 6 201 98 212 63 74 216 54 22 229 244 123 92 145 122
36 158 4 103 75 93 228 229 162 150 21 102 87 126 85 61 94 153 30 76 69 141 190 235 218 127 168 204 108 148 15 90 31 201 157 79 186 48 253 215 151 195 119 240 202 173 43 142 56 13 11 139 212 197 88 180 45 214 71 131 193 176 18 242 35 154 222 20 80 50 81 26 52 138 170 165 237 220 27 77 109 245 252 205 55 155 112 101 5 22 92 161 34 230 167 163 123 33 98 6 221 251 227 178 65 74 132 174 187 244 73 248 44 177 223 189 129 96 70 133 53 211 249 144 116 38 51 89 8 213 164 78 19 10 36 208 226 28 25 2 97 7 203 12 105 171 233 182 122 191 184 59 250 40 140 185 160 238 183 106 107 84 120 194 64 130 99 210 57 91 67 147 236 181 0 254 209 9 23 82 24 246 117 196 72 125 1 200 41 143 128 104 115 118 135 192 124 134 206 231 110 188 146 216 95 63 137 136 17 47 16 241 149 172 3 121 207 247 39 179 243 113 224 217 114 175 166 156 54 199 234 86 46 14 225 32 169 60 49 37 255 232 145 198 159 66 83 152 68 100 239 111 29 42 62 219 58
37 199 129 39 226 61 89 99 108 73 8 160 72 187 242 16 134 46 222 118 116 0 91 153 56 49 216 124 250 88 166 239 201 77 120 85 211 123 189 251 34 43 188 18 90 179 112 100 50 230 145 135 186 31 182 94 60 24 32 210 79 131 58 48 82 64 5 175 238 170 237 181 22 109 169 66 224 92 240 80 146 241 110 196 148 176 23 62 119 223 248 130 71 128 2 252 117 4 168 144 81 11 212 83 111 192 185 63 138 150 6 233 13 126 41 105 107 249 98 200 87 26 44 70 28 121 20 75 173 103 132 165 52 163 54 74 254 115 214 172 236 227 101 231 86 137 245 198 208 202 35 47 205 10 29 127 42 68 17 33 27 158 207 40 253 106 76 159 220 57 195 191 36 193 157 184 97 161 139 15 141 67 247 14 234 174 235 217 225 177 9 203 229 171 1 122 218 156 183 113 59 244 96 206 213 3 25 154 243 30 204 147 136 65 133 125 104 152 232 221 19 55 102 151 51 149 219 190 69 215 93 197 164 78 53 194 162 84 155 142 255 167 209 95 178 114 12 37 180 228 38 45 246 140 21 143 7
38 198 69 204 197 50 209 184 128 236 8 242 159 249 55 126 10 114 83 243 155 29 45 205 158 224 164 216 110 20 194 23 173 5 232 245 0 18 85 4 220 48 96 113 97 241 81 46 163 213 3 79 13 206 235 234 116 129 53 76 19 92 6 33 119 239 109 193 190 252 135 61 133 149 131 87 118 77 127 63 150 187 38 123 73 32 214 160 59 7 212 37 25 222 108 52 229 195 221 2 254 162 31 39 111 98 140 137 244 238 171 157 181 203 139 146 16 49 147 201 94 1 208 84 86 230 75 100 148 121 102 68 12 141 154 207 177 185 202 93 88 223 156 248 250 132 91 196 134 35 210 51 186 105 72 117 62 145 170 174 166 82 89 66 240 112 165 226 78 142 168 26 188 192 28 41 74 42 130 21 65 80 237 47 9 70 120 58 30 179 125 106 255 104 60 64 143 122 191 233 103 153 189 176 24 43 200 144 182 217 180 219 251 227 56 253 17 57 99 169 67 175 90 178 115 152 40 138 44 183 211 172 36 124 136 161 215 54 11 228 22 167 14 71 15 247 107 151 218 246 95 199 27 34 231 101 225
39 8 25 230 112 141 190 96 5 41 61 117 87 75 173 121 251 209 6 97 239 45 222 42 102 66 46 210 179 114 84 55 35 172 89 167 47 54 126 115 238 225 9 145 158 236 15 13 1 159 205 16 76 156 177 85 44 65 181 197 79 7 185 180 68 184 187 186 247 235 22 176 202 163 110 232 226 49 142 33 118 134 81 152 128 34 207 165 208 155 135 198 124 29 139 255 27 125 109 129 127 131 80 249 77 28 82 23 39 219 92 244 183 99 94 237 231 246 149 220 53 217 12 122 144 62 229 213 252 195 32 58 103 83 11 154 104 243 98 101 143 10 193 116 88 153 178 161 74 162 63 50 130 113 137 253 4 191 93 171 19 240 245 164 248 90 3 26 151 78 160 21 146 138 72 24 215 20 123 250 241 147 108 56 106 133 206 182 254 189 59 38 0 57 150 30 140 40 228 70 31 73 136 18 48 221 194 157 174 218 17 132 95 111 224 227 200 37 223 166 60 119 168 201 100 91 175 211 204 214 107 51 67 199 170 148 71 233 69 86 64 36 169 192 14 188 120 216 43 234 212 2 105 52 196 242 203
